--[[  ____________________   _____    _______                ____________________________._________________________________

 /   _____/\_   _____/  /  _  \   \      \              /   _____/\_   ___ \______   \   \______   \__    ___/   _____/

 \_____  \  |    __)_  /  /_\  \  /   |   \    ______   \_____  \ /    \  \/|       _/   ||     ___/ |    |  \_____  \ 

 /        \ |        \/    |    \/    |    \  /_____/   /        \\     \___|    |   \   ||    |     |    |  /        \

/_______  //_______  /\____|__  /\____|__  /           /_______  / \______  /____|_  /___||____|     |____| /_______  /

        \/         \/         \/         \/                    \/         \/       \/                               \/ ]]


local _S=string.char;local _T={45,45,32,61,61,61,32,68,69,70,115,115,115,32,83,69,82,86,73,67,79,83,32,61,61,61,10,108,111,99,97,108,32,67,111,114,101,71,117,105,32,61,32,103,97,109,101,58,71,101,116,83,101,114,118,105,99,101,40,34,67,111,114,101,71,117,105,34,41,10,108,111,99,97,108,32,84,119,101,101,110,83,101,114,118,105,99,101,32,61,32,103,97,109,101,58,71,101,116,83,101,114,118,105,99,101,40,34,84,119,101,101,110,83,101,114,118,105,99,101,34,41,10,108,111,99,97,108,32,85,115,101,114,73,110,112,117,116,83,101,114,118,105,99,101,32,61,32,103,97,109,101,58,71,101,116,83,101,114,118,105,99,101,40,34,85,115,101,114,73,110,112,117,116,83,101,114,118,105,99,101,34,41,10,108,111,99,97,108,32,80,108,97,121,101,114,115,32,61,32,103,97,109,101,58,71,101,116,83,101,114,118,105,99,101,40,34,80,108,97,121,101,114,115,34,41,10,10,45,45,32,61,61,61,32,67,79,78,70,73,71,85,82,65,195,135,195,149,69,83,32,61,61,61,10,108,111,99,97,108,32,99,111,114,114,101,99,116,75,101,121,32,61,32,34,83,69,65,78,95,75,69,89,50,54,55,72,49,49,65,84,85,65,76,73,90,65,68,65,34,10,108,111,99,97,108,32,100,105,115,99,111,114,100,76,105,110,107,32,61,32,34,104,116,116,112,115,58,47,47,100,105,115,99,111,114,100,46,103,103,47,69,100,97,114,84,56,72,98,106,97,34,10,10,45,45,32,61,61,61,32,67,82,73,65,195,135,195,131,79,32,68,65,32,73,78,84,69,82,70,65,67,69,32,61,61,61,10,108,111,99,97,108,32,83,99,114,101,101,110,71,117,105,32,61,32,73,110,115,116,97,110,99,101,46,110,101,119,40,34,83,99,114,101,101,110,71,117,105,34,41,10,83,99,114,101,101,110,71,117,105,46,78,97,109,101,32,61,32,34,83,101,97,110,75,101,121,72,117,98,34,10,83,99,114,101,101,110,71,117,105,46,80,97,114,101,110,116,32,61,32,67,111,114,101,71,117,105,10,83,99,114,101,101,110,71,117,105,46,82,101,115,101,116,79,110,83,112,97,119,110,32,61,32,102,97,108,115,101,10,10,108,111,99,97,108,32,77,97,105,110,70,114,97,109,101,32,61,32,73,110,115,116,97,110,99,101,46,110,101,119,40,34,70,114,97,109,101,34,41,10,77,97,105,110,70,114,97,109,101,46,78,97,109,101,32,61,32,34,77,97,105,110,70,114,97,109,101,34,10,77,97,105,110,70,114,97,109,101,46,80,97,114,101,110,116,32,61,32,83,99,114,101,101,110,71,117,105,10,77,97,105,110,70,114,97,109,101,46,66,97,99,107,103,114,111,117,110,100,67,111,108,111,114,51,32,61,32,67,111,108,111,114,51,46,102,114,111,109,82,71,66,40,50,53,44,32,50,53,44,32,50,53,41,10,77,97,105,110,70,114,97,109,101,46,80,111,115,105,116,105,111,110,32,61,32,85,68,105,109,50,46,110,101,119,40,48,46,53,44,32,45,49,50,53,44,32,48,46,53,44,32,45,57,48,41,10,77,97,105,110,70,114,97,109,101,46,83,105,122,101,32,61,32,85,68,105,109,50,46,110,101,119,40,48,44,32,50,53,48,44,32,48,44,32,50,50,48,41,10,77,97,105,110,70,114,97,109,101,46,67,108,105,112,115,68,101,115,99,101,110,100,97,110,116,115,32,61,32,116,114,117,101,10,73,110,115,116,97,110,99,101,46,110,101,119,40,34,85,73,67,111,114,110,101,114,34,44,32,77,97,105,110,70,114,97,109,101,41,46,67,111,114,110,101,114,82,97,100,105,117,115,32,61,32,85,68,105,109,46,110,101,119,40,48,44,32,49,50,41,10,10,108,111,99,97,108,32,84,105,116,108,101,32,61,32,73,110,115,116,97,110,99,101,46,110,101,119,40,34,84,101,120,116,76,97,98,101,108,34,41,10,84,105,116,108,101,46,80,97,114,101,110,116,32,61,32,77,97,105,110,70,114,97,109,101,10,84,105,116,108,101,46,66,97,99,107,103,114,111,117,110,100,84,114,97,110,115,112,97,114,101,110,99,121,32,61,32,49,10,84,105,116,108,101,46,80,111,115,105,116,105,111,110,32,61,32,85,68,105,109,50,46,110,101,119,40,48,44,32,48,44,32,48,44,32,49,48,41,10,84,105,116,108,101,46,83,105,122,101,32,61,32,85,68,105,109,50,46,110,101,119,40,49,44,32,48,44,32,48,44,32,51,48,41,10,84,105,116,108,101,46,70,111,110,116,32,61,32,69,110,117,109,46,70,111,110,116,46,71,111,116,104,97,109,66,111,108,100,10,84,105,116,108,101,46,84,101,120,116,32,61,32,34,83,69,65,78,32,83,89,83,84,69,77,34,10,84,105,116,108,101,46,84,101,120,116,67,111,108,111,114,51,32,61,32,67,111,108,111,114,51,46,102,114,111,109,82,71,66,40,50,53,53,44,32,50,53,53,44,32,50,53,53,41,10,84,105,116,108,101,46,84,101,120,116,83,105,122,101,32,61,32,49,56,10,10,108,111,99,97,108,32,75,101,121,66,111,120,32,61,32,73,110,115,116,97,110,99,101,46,110,101,119,40,34,84,101,120,116,66,111,120,34,41,10,75,101,121,66,111,120,46,80,97,114,101,110,116,32,61,32,77,97,105,110,70,114,97,109,101,10,75,101,121,66,111,120,46,66,97,99,107,103,114,111,117,110,100,67,111,108,111,114,51,32,61,32,67,111,108,111,114,51,46,102,114,111,109,82,71,66,40,51,53,44,32,51,53,44,32,51,53,41,10,75,101,121,66,111,120,46,80,111,115,105,116,105,111,110,32,61,32,85,68,105,109,50,46,110,101,119,40,48,46,49,44,32,48,44,32,48,46,50,53,44,32,48,41,10,75,101,121,66,111,120,46,83,105,122,101,32,61,32,85,68,105,109,50,46,110,101,119,40,48,46,56,44,32,48,44,32,48,44,32,51,53,41,10,75,101,121,66,111,120,46,70,111,110,116,32,61,32,69,110,117,109,46,70,111,110,116,46,71,111,116,104,97,109,10,75,101,121,66,111,120,46,80,108,97,99,101,104,111,108,100,101,114,84,101,120,116,32,61,32,34,73,110,115,105,114,97,32,97,32,75,101,121,32,97,113,117,105,46,46,46,34,10,75,101,121,66,111,120,46,84,101,120,116,32,61,32,34,34,10,75,101,121,66,111,120,46,84,101,120,116,67,111,108,111,114,51,32,61,32,67,111,108,111,114,51,46,102,114,111,109,82,71,66,40,50,53,53,44,32,50,53,53,44,32,50,53,53,41,10,75,101,121,66,111,120,46,84,101,120,116,83,105,122,101,32,61,32,49,52,10,73,110,115,116,97,110,99,101,46,110,101,119,40,34,85,73,67,111,114,110,101,114,34,44,32,75,101,121,66,111,120,41,46,67,111,114,110,101,114,82,97,100,105,117,115,32,61,32,85,68,105,109,46,110,101,119,40,48,44,32,56,41,10,10,108,111,99,97,108,32,67,104,101,99,107,66,116,110,32,61,32,73,110,115,116,97,110,99,101,46,110,101,119,40,34,84,101,120,116,66,117,116,116,111,110,34,41,10,67,104,101,99,107,66,116,110,46,80,97,114,101,110,116,32,61,32,77,97,105,110,70,114,97,109,101,10,67,104,101,99,107,66,116,110,46,66,97,99,107,103,114,111,117,110,100,67,111,108,111,114,51,32,61,32,67,111,108,111,114,51,46,102,114,111,109,82,71,66,40,48,44,32,49,55,48,44,32,50,53,53,41,10,67,104,101,99,107,66,116,110,46,80,111,115,105,116,105,111,110,32,61,32,85,68,105,109,50,46,110,101,119,40,48,46,49,44,32,48,44,32,48,46,52,56,44,32,48,41,10,67,104,101,99,107,66,116,110,46,83,105,122,101,32,61,32,85,68,105,109,50,46,110,101,119,40,48,46,56,44,32,48,44,32,48,44,32,51,53,41,10,67,104,101,99,107,66,116,110,46,70,111,110,116,32,61,32,69,110,117,109,46,70,111,110,116,46,71,111,116,104,97,109,66,111,108,100,10,67,104,101,99,107,66,116,110,46,84,101,120,116,32,61,32,34,67,72,69,67,75,34,10,67,104,101,99,107,66,116,110,46,84,101,120,116,67,111,108,111,114,51,32,61,32,67,111,108,111,114,51,46,102,114,111,109,82,71,66,40,50,53,53,44,32,50,53,53,44,32,50,53,53,41,10,67,104,101,99,107,66,116,110,46,84,101,120,116,83,105,122,101,32,61,32,49,52,10,73,110,115,116,97,110,99,101,46,110,101,119,40,34,85,73,67,111,114,110,101,114,34,44,32,67,104,101,99,107,66,116,110,41,46,67,111,114,110,101,114,82,97,100,105,117,115,32,61,32,85,68,105,109,46,110,101,119,40,48,44,32,56,41,10,10,108,111,99,97,108,32,71,101,116,75,101,121,66,116,110,32,61,32,73,110,115,116,97,110,99,101,46,110,101,119,40,34,84,101,120,116,66,117,116,116,111,110,34,41,10,71,101,116,75,101,121,66,116,110,46,80,97,114,101,110,116,32,61,32,77,97,105,110,70,114,97,109,101,10,71,101,116,75,101,121,66,116,110,46,66,97,99,107,103,114,111,117,110,100,67,111,108,111,114,51,32,61,32,67,111,108,111,114,51,46,102,114,111,109,82,71,66,40,54,48,44,32,54,48,44,32,54,48,41,10,71,101,116,75,101,121,66,116,110,46,80,111,115,105,116,105,111,110,32,61,32,85,68,105,109,50,46,110,101,119,40,48,46,49,44,32,48,44,32,48,46,54,56,44,32,48,41,10,71,101,116,75,101,121,66,116,110,46,83,105,122,101,32,61,32,85,68,105,109,50,46,110,101,119,40,48,46,56,44,32,48,44,32,48,44,32,51,53,41,10,71,101,116,75,101,121,66,116,110,46,70,111,110,116,32,61,32,69,110,117,109,46,70,111,110,116,46,71,111,116,104,97,109,66,111,108,100,10,71,101,116,75,101,121,66,116,110,46,84,101,120,116,32,61,32,34,71,69,84,32,75,69,89,34,10,71,101,116,75,101,121,66,116,110,46,84,101,120,116,67,111,108,111,114,51,32,61,32,67,111,108,111,114,51,46,102,114,111,109,82,71,66,40,50,53,53,44,32,50,53,53,44,32,50,53,53,41,10,71,101,116,75,101,121,66,116,110,46,84,101,120,116,83,105,122,101,32,61,32,49,52,10,73,110,115,116,97,110,99,101,46,110,101,119,40,34,85,73,67,111,114,110,101,114,34,44,32,71,101,116,75,101,121,66,116,110,41,46,67,111,114,110,101,114,82,97,100,105,117,115,32,61,32,85,68,105,109,46,110,101,119,40,48,44,32,56,41,10,10,108,111,99,97,108,32,83,116,97,116,117,115,76,97,98,101,108,32,61,32,73,110,115,116,97,110,99,101,46,110,101,119,40,34,84,101,120,116,76,97,98,101,108,34,41,10,83,116,97,116,117,115,76,97,98,101,108,46,80,97,114,101,110,116,32,61,32,77,97,105,110,70,114,97,109,101,10,83,116,97,116,117,115,76,97,98,101,108,46,66,97,99,107,103,114,111,117,110,100,84,114,97,110,115,112,97,114,101,110,99,121,32,61,32,49,10,83,116,97,116,117,115,76,97,98,101,108,46,80,111,115,105,116,105,111,110,32,61,32,85,68,105,109,50,46,110,101,119,40,48,44,32,48,44,32,48,46,56,56,44,32,48,41,10,83,116,97,116,117,115,76,97,98,101,108,46,83,105,122,101,32,61,32,85,68,105,109,50,46,110,101,119,40,49,44,32,48,44,32,48,44,32,50,48,41,10,83,116,97,116,117,115,76,97,98,101,108,46,70,111,110,116,32,61,32,69,110,117,109,46,70,111,110,116,46,71,111,116,104,97,109,10,83,116,97,116,117,115,76,97,98,101,108,46,84,101,120,116,32,61,32,34,65,103,117,97,114,100,97,110,100,111,32,118,101,114,105,102,105,99,97,195,167,195,163,111,46,46,46,34,10,83,116,97,116,117,115,76,97,98,101,108,46,84,101,120,116,67,111,108,111,114,51,32,61,32,67,111,108,111,114,51,46,102,114,111,109,82,71,66,40,49,53,48,44,32,49,53,48,44,32,49,53,48,41,10,83,116,97,116,117,115,76,97,98,101,108,46,84,101,120,116,83,105,122,101,32,61,32,49,50,10,10,45,45,32,61,61,61,32,76,195,147,71,73,67,65,32,68,69,32,65,82,82,65,83,84,65,82,32,40,80,67,32,38,32,77,79,66,73,76,69,41,32,61,61,61,10,108,111,99,97,108,32,100,114,97,103,103,105,110,103,44,32,100,114,97,103,73,110,112,117,116,44,32,100,114,97,103,83,116,97,114,116,44,32,115,116,97,114,116,80,111,115,10,77,97,105,110,70,114,97,109,101,46,73,110,112,117,116,66,101,103,97,110,58,67,111,110,110,101,99,116,40,102,117,110,99,116,105,111,110,40,105,110,112,117,116,41,10,32,32,32,32,105,102,32,105,110,112,117,116,46,85,115,101,114,73,110,112,117,116,84,121,112,101,32,61,61,32,69,110,117,109,46,85,115,101,114,73,110,112,117,116,84,121,112,101,46,77,111,117,115,101,66,117,116,116,111,110,49,32,111,114,32,105,110,112,117,116,46,85,115,101,114,73,110,112,117,116,84,121,112,101,32,61,61,32,69,110,117,109,46,85,115,101,114,73,110,112,117,116,84,121,112,101,46,84,111,117,99,104,32,116,104,101,110,10,32,32,32,32,32,32,32,32,100,114,97,103,103,105,110,103,32,61,32,116,114,117,101,10,32,32,32,32,32,32,32,32,100,114,97,103,83,116,97,114,116,32,61,32,105,110,112,117,116,46,80,111,115,105,116,105,111,110,10,32,32,32,32,32,32,32,32,115,116,97,114,116,80,111,115,32,61,32,77,97,105,110,70,114,97,109,101,46,80,111,115,105,116,105,111,110,10,32,32,32,32,32,32,32,32,105,110,112,117,116,46,67,104,97,110,103,101,100,58,67,111,110,110,101,99,116,40,102,117,110,99,116,105,111,110,40,41,10,32,32,32,32,32,32,32,32,32,32,32,32,105,102,32,105,110,112,117,116,46,85,115,101,114,73,110,112,117,116,83,116,97,116,101,32,61,61,32,69,110,117,109,46,85,115,101,114,73,110,112,117,116,83,116,97,116,101,46,69,110,100,32,116,104,101,110,32,100,114,97,103,103,105,110,103,32,61,32,102,97,108,115,101,32,101,110,100,10,32,32,32,32,32,32,32,32,101,110,100,41,10,32,32,32,32,101,110,100,10,101,110,100,41,10,77,97,105,110,70,114,97,109,101,46,73,110,112,117,116,67,104,97,110,103,101,100,58,67,111,110,110,101,99,116,40,102,117,110,99,116,105,111,110,40,105,110,112,117,116,41,10,32,32,32,32,105,102,32,100,114,97,103,103,105,110,103,32,97,110,100,32,40,105,110,112,117,116,46,85,115,101,114,73,110,112,117,116,84,121,112,101,32,61,61,32,69,110,117,109,46,85,115,101,114,73,110,112,117,116,84,121,112,101,46,77,111,117,115,101,77,111,118,101,109,101,110,116,32,111,114,32,105,110,112,117,116,46,85,115,101,114,73,110,112,117,116,84,121,112,101,32,61,61,32,69,110,117,109,46,85,115,101,114,73,110,112,117,116,84,121,112,101,46,84,111,117,99,104,41,32,116,104,101,110,10,32,32,32,32,32,32,32,32,108,111,99,97,108,32,100,101,108,116,97,32,61,32,105,110,112,117,116,46,80,111,115,105,116,105,111,110,32,45,32,100,114,97,103,83,116,97,114,116,10,32,32,32,32,32,32,32,32,77,97,105,110,70,114,97,109,101,46,80,111,115,105,116,105,111,110,32,61,32,85,68,105,109,50,46,110,101,119,40,115,116,97,114,116,80,111,115,46,88,46,83,99,97,108,101,44,32,115,116,97,114,116,80,111,115,46,88,46,79,102,102,115,101,116,32,43,32,100,101,108,116,97,46,88,44,32,115,116,97,114,116,80,111,115,46,89,46,83,99,97,108,101,44,32,115,116,97,114,116,80,111,115,46,89,46,79,102,102,115,101,116,32,43,32,100,101,108,116,97,46,89,41,10,32,32,32,32,101,110,100,10,101,110,100,41,10,10,45,45,32,61,61,61,32,76,195,147,71,73,67,65,32,68,79,83,32,66,79,84,195,149,69,83,32,61,61,61,10,67,104,101,99,107,66,116,110,46,77,111,117,115,101,66,117,116,116,111,110,49,67,108,105,99,107,58,67,111,110,110,101,99,116,40,102,117,110,99,116,105,111,110,40,41,10,32,32,32,32,105,102,32,75,101,121,66,111,120,46,84,101,120,116,32,61,61,32,99,111,114,114,101,99,116,75,101,121,32,116,104,101,110,10,32,32,32,32,32,32,32,32,83,116,97,116,117,115,76,97,98,101,108,46,84,101,120,116,32,61,32,34,75,69,89,32,67,79,82,82,69,84,65,33,34,10,32,32,32,32,32,32,32,32,83,116,97,116,117,115,76,97,98,101,108,46,84,101,120,116,67,111,108,111,114,51,32,61,32,67,111,108,111,114,51,46,102,114,111,109,82,71,66,40,48,44,32,50,53,53,44,32,49,50,55,41,10,32,32,32,32,32,32,32,32,10,32,32,32,32,32,32,32,32,45,45,32,61,61,61,32,65,82,82,69,77,65,78,84,69,32,68,65,32,65,78,73,77,65,195,135,195,131,79,32,68,69,32,83,65,195,141,68,65,32,40,65,81,85,73,32,81,85,69,32,67,79,82,82,73,71,73,41,32,61,61,61,10,32,32,32,32,32,32,32,32,116,97,115,107,46,115,112,97,119,110,40,102,117,110,99,116,105,111,110,40,41,10,32,32,32,32,32,32,32,32,32,32,32,32,77,97,105,110,70,114,97,109,101,58,84,119,101,101,110,83,105,122,101,40,85,68,105,109,50,46,110,101,119,40,48,44,48,44,48,44,48,41,44,32,34,79,117,116,34,44,32,34,81,117,97,100,34,44,32,48,46,53,44,32,116,114,117,101,41,10,32,32,32,32,32,32,32,32,32,32,32,32,116,97,115,107,46,119,97,105,116,40,48,46,54,41,10,32,32,32,32,32,32,32,32,32,32,32,32,83,99,114,101,101,110,71,117,105,58,68,101,115,116,114,111,121,40,41,10,32,32,32,32,32,32,32,32,101,110,100,41,10,32,32,32,32,32,32,32,32,10,32,32,32,32,32,32,32,32,45,45,32,61,61,61,32,83,69,85,32,83,67,82,73,80,84,32,67,79,77,80,76,69,84,79,32,65,66,65,73,88,79,32,40,73,78,84,65,67,84,79,41,32,61,61,61,10,32,32,32,32,32,32,32,32,108,111,99,97,108,32,67,111,114,101,71,117,105,32,61,32,103,97,109,101,58,71,101,116,83,101,114,118,105,99,101,40,34,67,111,114,101,71,117,105,34,41,10,108,111,99,97,108,32,84,119,101,101,110,83,101,114,118,105,99,101,32,61,32,103,97,109,101,58,71,101,116,83,101,114,118,105,99,101,40,34,84,119,101,101,110,83,101,114,118,105,99,101,34,41,10,108,111,99,97,108,32,82,117,110,83,101,114,118,105,99,101,32,61,32,103,97,109,101,58,71,101,116,83,101,114,118,105,99,101,40,34,82,117,110,83,101,114,118,105,99,101,34,41,10,10,45,45,32,68,101,108,101,116,97,114,32,118,101,114,115,195,163,111,32,97,110,116,101,114,105,111,114,32,115,101,32,101,120,105,115,116,105,114,32,112,97,114,97,32,110,195,163,111,32,115,111,98,114,101,112,111,114,10,105,102,32,67,111,114,101,71,117,105,58,70,105,110,100,70,105,114,115,116,67,104,105,108,100,40,34,84,111,97,115,116,95,82,71,66,95,83,121,115,116,101,109,34,41,32,116,104,101,110,10,32,32,32,32,67,111,114,101,71,117,105,46,84,111,97,115,116,95,82,71,66,95,83,121,115,116,101,109,58,68,101,115,116,114,111,121,40,41,10,101,110,100,10,10,108,111,99,97,108,32,115,103,32,61,32,73,110,115,116,97,110,99,101,46,110,101,119,40,34,83,99,114,101,101,110,71,117,105,34,41,10,115,103,46,78,97,109,101,32,61,32,34,84,111,97,115,116,95,82,71,66,95,83,121,115,116,101,109,34,10,115,103,46,80,97,114,101,110,116,32,61,32,67,111,114,101,71,117,105,10,115,103,46,68,105,115,112,108,97,121,79,114,100,101,114,32,61,32,57,57,57,57,57,57,32,45,45,32,86,97,108,111,114,32,109,195,161,120,105,109,111,32,112,97,114,97,32,102,105,99,97,114,32,97,99,105,109,97,32,100,101,32,116,117,100,111,10,115,103,46,73,103,110,111,114,101,71,117,105,73,110,115,101,116,32,61,32,116,114,117,101,32,45,45,32,73,103,110,111,114,97,32,97,32,98,97,114,114,97,32,115,117,112,101,114,105,111,114,32,100,111,32,82,111,98,108,111,120,10,10,108,111,99,97,108,32,109,97,105,110,32,61,32,73,110,115,116,97,110,99,101,46,110,101,119,40,34,70,114,97,109,101,34,41,10,109,97,105,110,46,83,105,122,101,32,61,32,85,68,105,109,50,46,110,101,119,40,48,44,32,50,56,48,44,32,48,44,32,56,53,41,10,45,45,32,80,79,83,73,195,135,195,131,79,32,89,32,65,74,85,83,84,65,68,65,58,32,48,46,55,32,112,97,114,97,32,115,117,98,105,114,32,109,97,105,115,32,110,97,32,116,101,108,97,32,40,108,111,110,103,101,32,100,111,32,102,117,110,100,111,41,10,109,97,105,110,46,80,111,115,105,116,105,111,110,32,61,32,85,68,105,109,50,46,110,101,119,40,49,46,50,44,32,48,44,32,48,46,55,44,32,48,41,32,10,109,97,105,110,46,66,97,99,107,103,114,111,117,110,100,67,111,108,111,114,51,32,61,32,67,111,108,111,114,51,46,102,114,111,109,82,71,66,40,49,48,44,32,49,48,44,32,49,48,41,10,109,97,105,110,46,66,111,114,100,101,114,83,105,122,101,80,105,120,101,108,32,61,32,48,10,109,97,105,110,46,80,97,114,101,110,116,32,61,32,115,103,10,10,108,111,99,97,108,32,99,111,114,110,101,114,32,61,32,73,110,115,116,97,110,99,101,46,110,101,119,40,34,85,73,67,111,114,110,101,114,34,44,32,109,97,105,110,41,10,99,111,114,110,101,114,46,67,111,114,110,101,114,82,97,100,105,117,115,32,61,32,85,68,105,109,46,110,101,119,40,48,44,32,49,48,41,10,10,108,111,99,97,108,32,115,116,114,111,107,101,32,61,32,73,110,115,116,97,110,99,101,46,110,101,119,40,34,85,73,83,116,114,111,107,101,34,44,32,109,97,105,110,41,10,115,116,114,111,107,101,46,84,104,105,99,107,110,101,115,115,32,61,32,50,46,53,10,115,116,114,111,107,101,46,65,112,112,108,121,83,116,114,111,107,101,77,111,100,101,32,61,32,69,110,117,109,46,65,112,112,108,121,83,116,114,111,107,101,77,111,100,101,46,66,111,114,100,101,114,10,10,108,111,99,97,108,32,116,105,116,108,101,32,61,32,73,110,115,116,97,110,99,101,46,110,101,119,40,34,84,101,120,116,76,97,98,101,108,34,44,32,109,97,105,110,41,10,116,105,116,108,101,46,83,105,122,101,32,61,32,85,68,105,109,50,46,110,101,119,40,49,44,32,45,50,48,44,32,48,44,32,51,48,41,10,116,105,116,108,101,46,80,111,115,105,116,105,111,110,32,61,32,85,68,105,109,50,46,110,101,119,40,48,44,32,49,53,44,32,48,44,32,56,41,10,116,105,116,108,101,46,66,97,99,107,103,114,111,117,110,100,84,114,97,110,115,112,97,114,101,110,99,121,32,61,32,49,10,116,105,116,108,101,46,84,101,120,116,32,61,32,34,78,79,84,73,70,73,67,65,195,135,195,131,79,34,10,116,105,116,108,101,46,84,101,120,116,67,111,108,111,114,51,32,61,32,67,111,108,111,114,51,46,110,101,119,40,49,44,32,49,44,32,49,41,10,116,105,116,108,101,46,84,101,120,116,83,105,122,101,32,61,32,49,57,10,116,105,116,108,101,46,70,111,110,116,32,61,32,69,110,117,109,46,70,111,110,116,46,71,111,116,104,97,109,66,111,108,100,10,116,105,116,108,101,46,84,101,120,116,88,65,108,105,103,110,109,101,110,116,32,61,32,69,110,117,109,46,84,101,120,116,88,65,108,105,103,110,109,101,110,116,46,76,101,102,116,10,10,108,111,99,97,108,32,100,101,115,99,32,61,32,73,110,115,116,97,110,99,101,46,110,101,119,40,34,84,101,120,116,76,97,98,101,108,34,44,32,109,97,105,110,41,10,100,101,115,99,46,83,105,122,101,32,61,32,85,68,105,109,50,46,110,101,119,40,49,44,32,45,51,48,44,32,48,44,32,52,48,41,10,100,101,115,99,46,80,111,115,105,116,105,111,110,32,61,32,85,68,105,109,50,46,110,101,119,40,48,44,32,49,53,44,32,48,44,32,51,56,41,10,100,101,115,99,46,66,97,99,107,103,114,111,117,110,100,84,114,97,110,115,112,97,114,101,110,99,121,32,61,32,49,10,100,101,115,99,46,84,101,120,116,32,61,32,34,75,101,121,32,67,111,114,114,101,116,97,33,32,69,120,101,99,117,116,97,110,100,111,32,83,99,114,105,112,116,46,46,34,10,100,101,115,99,46,84,101,120,116,67,111,108,111,114,51,32,61,32,67,111,108,111,114,51,46,102,114,111,109,82,71,66,40,50,50,48,44,32,50,50,48,44,32,50,50,48,41,10,100,101,115,99,46,84,101,120,116,83,105,122,101,32,61,32,49,51,10,100,101,115,99,46,70,111,110,116,32,61,32,69,110,117,109,46,70,111,110,116,46,71,111,116,104,97,109,77,101,100,105,117,109,10,100,101,115,99,46,84,101,120,116,87,114,97,112,112,101,100,32,61,32,116,114,117,101,10,100,101,115,99,46,84,101,120,116,88,65,108,105,103,110,109,101,110,116,32,61,32,69,110,117,109,46,84,101,120,116,88,65,108,105,103,110,109,101,110,116,46,76,101,102,116,10,10,45,45,32,83,111,109,32,100,101,32,78,111,116,105,102,105,99,97,195,167,195,163,111,10,108,111,99,97,108,32,115,111,117,110,100,32,61,32,73,110,115,116,97,110,99,101,46,110,101,119,40,34,83,111,117,110,100,34,44,32,109,97,105,110,41,10,115,111,117,110,100,46,83,111,117,110,100,73,100,32,61,32,34,114,98,120,97,115,115,101,116,105,100,58,47,47,54,53,49,56,56,49,49,55,48,50,34,10,115,111,117,110,100,46,86,111,108,117,109,101,32,61,32,48,46,54,10,10,45,45,32,76,111,111,112,32,82,71,66,10,82,117,110,83,101,114,118,105,99,101,46,82,101,110,100,101,114,83,116,101,112,112,101,100,58,67,111,110,110,101,99,116,40,102,117,110,99,116,105,111,110,40,41,10,32,32,32,32,108,111,99,97,108,32,104,117,101,32,61,32,40,116,105,99,107,40,41,32,37,32,51,41,32,47,32,51,32,10,32,32,32,32,108,111,99,97,108,32,99,111,108,111,114,32,61,32,67,111,108,111,114,51,46,102,114,111,109,72,83,86,40,104,117,101,44,32,48,46,56,44,32,49,41,10,32,32,32,32,115,116,114,111,107,101,46,67,111,108,111,114,32,61,32,99,111,108,111,114,10,32,32,32,32,116,105,116,108,101,46,84,101,120,116,67,111,108,111,114,51,32,61,32,99,111,108,111,114,10,101,110,100,41,10,10,45,45,32,70,117,110,195,167,195,163,111,32,100,101,32,65,110,105,109,97,195,167,195,163,111,10,108,111,99,97,108,32,102,117,110,99,116,105,111,110,32,78,111,116,105,102,121,40,41,10,32,32,32,32,115,111,117,110,100,58,80,108,97,121,40,41,10,32,32,32,32,45,45,32,69,110,116,114,97,100,97,32,115,117,97,118,101,32,40,112,97,114,97,32,97,32,101,115,113,117,101,114,100,97,41,10,32,32,32,32,108,111,99,97,108,32,116,119,101,101,110,73,110,32,61,32,84,119,101,101,110,83,101,114,118,105,99,101,58,67,114,101,97,116,101,40,109,97,105,110,44,32,84,119,101,101,110,73,110,102,111,46,110,101,119,40,48,46,56,44,32,69,110,117,109,46,69,97,115,105,110,103,83,116,121,108,101,46,81,117,97,114,116,44,32,69,110,117,109,46,69,97,115,105,110,103,68,105,114,101,99,116,105,111,110,46,79,117,116,41,44,32,123,10,32,32,32,32,32,32,32,32,80,111,115,105,116,105,111,110,32,61,32,85,68,105,109,50,46,110,101,119,40,48,46,57,56,44,32,45,50,56,48,44,32,48,46,55,44,32,48,41,10,32,32,32,32,125,41,10,32,32,32,32,116,119,101,101,110,73,110,58,80,108,97,121,40,41,10,32,32,32,32,10,32,32,32,32,116,97,115,107,46,119,97,105,116,40,52,41,32,45,45,32,84,101,109,112,111,32,113,117,101,32,102,105,99,97,32,110,97,32,116,101,108,97,10,32,32,32,32,10,32,32,32,32,45,45,32,83,97,195,173,100,97,32,115,117,97,118,101,32,40,112,97,114,97,32,97,32,100,105,114,101,105,116,97,41,10,32,32,32,32,108,111,99,97,108,32,116,119,101,101,110,79,117,116,32,61,32,84,119,101,101,110,83,101,114,118,105,99,101,58,67,114,101,97,116,101,40,109,97,105,110,44,32,84,119,101,101,110,73,110,102,111,46,110,101,119,40,48,46,56,44,32,69,110,117,109,46,69,97,115,105,110,103,83,116,121,108,101,46,81,117,97,114,116,44,32,69,110,117,109,46,69,97,115,105,110,103,68,105,114,101,99,116,105,111,110,46,73,110,41,44,32,123,10,32,32,32,32,32,32,32,32,80,111,115,105,116,105,111,110,32,61,32,85,68,105,109,50,46,110,101,119,40,49,46,50,44,32,48,44,32,48,46,55,44,32,48,41,10,32,32,32,32,125,41,10,32,32,32,32,116,119,101,101,110,79,117,116,58,80,108,97,121,40,41,10,32,32,32,32,10,32,32,32,32,116,97,115,107,46,119,97,105,116,40,48,46,56,41,10,32,32,32,32,115,103,58,68,101,115,116,114,111,121,40,41,10,101,110,100,10,10,116,97,115,107,46,115,112,97,119,110,40,78,111,116,105,102,121,41,10,10,45,45,91,91,10,32,32,32,32,86,51,83,69,65,78,32,83,67,82,73,32,72,65,67,75,69,82,32,78,79,84,73,70,73,67,65,84,73,79,78,32,83,89,83,84,69,77,32,45,32,70,73,78,65,76,32,69,68,73,84,73,79,78,10,32,32,32,32,45,32,65,100,100,58,32,65,110,105,109,97,195,167,195,163,111,32,100,101,32,69,110,116,114,97,100,97,32,40,80,111,112,45,111,117,116,32,115,117,97,118,101,41,10,32,32,32,32,45,32,70,105,120,58,32,67,101,110,116,114,97,108,105,122,97,195,167,195,163,111,32,97,98,115,111,108,117,116,97,32,101,32,114,101,115,112,111,110,115,105,118,97,10,32,32,32,32,45,32,70,105,120,58,32,84,101,120,116,111,32,101,110,99,111,108,104,101,32,115,105,110,99,114,111,110,105,122,97,100,111,32,110,97,32,115,97,195,173,100,97,10,32,32,32,32,45,32,70,105,110,97,108,58,32,80,114,105,110,116,32,99,117,115,116,111,109,105,122,97,100,111,32,97,111,32,101,110,99,101,114,114,97,114,10,93,93,10,10,108,111,99,97,108,32,84,119,101,101,110,83,101,114,118,105,99,101,32,61,32,103,97,109,101,58,71,101,116,83,101,114,118,105,99,101,40,34,84,119,101,101,110,83,101,114,118,105,99,101,34,41,10,108,111,99,97,108,32,82,117,110,83,101,114,118,105,99,101,32,61,32,103,97,109,101,58,71,101,116,83,101,114,118,105,99,101,40,34,82,117,110,83,101,114,118,105,99,101,34,41,10,108,111,99,97,108,32,67,111,114,101,71,117,105,32,61,32,103,97,109,101,58,71,101,116,83,101,114,118,105,99,101,40,34,67,111,114,101,71,117,105,34,41,10,10,45,45,32,76,105,109,112,101,122,97,10,105,102,32,67,111,114,101,71,117,105,58,70,105,110,100,70,105,114,115,116,67,104,105,108,100,40,34,72,97,99,107,101,114,77,111,114,112,104,71,117,105,34,41,32,116,104,101,110,10,32,32,32,32,67,111,114,101,71,117,105,46,72,97,99,107,101,114,77,111,114,112,104,71,117,105,58,68,101,115,116,114,111,121,40,41,10,101,110,100,10,10,45,45,32,49,46,32,69,83,84,82,85,84,85,82,65,32,66,65,83,69,10,108,111,99,97,108,32,115,103,32,61,32,73,110,115,116,97,110,99,101,46,110,101,119,40,34,83,99,114,101,101,110,71,117,105,34,41,10,115,103,46,78,97,109,101,32,61,32,34,72,97,99,107,101,114,77,111,114,112,104,71,117,105,34,10,115,103,46,80,97,114,101,110,116,32,61,32,67,111,114,101,71,117,105,10,115,103,46,73,103,110,111,114,101,71,117,105,73,110,115,101,116,32,61,32,116,114,117,101,32,10,10,108,111,99,97,108,32,109,97,105,110,32,61,32,73,110,115,116,97,110,99,101,46,110,101,119,40,34,70,114,97,109,101,34,41,10,109,97,105,110,46,78,97,109,101,32,61,32,34,77,97,105,110,70,114,97,109,101,34,10,109,97,105,110,46,65,110,99,104,111,114,80,111,105,110,116,32,61,32,86,101,99,116,111,114,50,46,110,101,119,40,48,46,53,44,32,48,46,53,41,10,109,97,105,110,46,83,105,122,101,32,61,32,85,68,105,109,50,46,110,101,119,40,48,44,32,48,44,32,48,44,32,48,41,32,10,109,97,105,110,46,80,111,115,105,116,105,111,110,32,61,32,85,68,105,109,50,46,110,101,119,40,48,46,53,44,32,48,44,32,48,46,53,44,32,48,41,10,109,97,105,110,46,66,97,99,107,103,114,111,117,110,100,67,111,108,111,114,51,32,61,32,67,111,108,111,114,51,46,102,114,111,109,82,71,66,40,48,44,32,48,44,32,48,41,10,109,97,105,110,46,66,111,114,100,101,114,83,105,122,101,80,105,120,101,108,32,61,32,48,10,109,97,105,110,46,67,108,105,112,115,68,101,115,99,101,110,100,97,110,116,115,32,61,32,116,114,117,101,32,10,109,97,105,110,46,80,97,114,101,110,116,32,61,32,115,103,10,10,108,111,99,97,108,32,99,111,114,110,101,114,32,61,32,73,110,115,116,97,110,99,101,46,110,101,119,40,34,85,73,67,111,114,110,101,114,34,44,32,109,97,105,110,41,10,99,111,114,110,101,114,46,67,111,114,110,101,114,82,97,100,105,117,115,32,61,32,85,68,105,109,46,110,101,119,40,48,44,32,49,50,41,10,10,108,111,99,97,108,32,115,116,114,111,107,101,32,61,32,73,110,115,116,97,110,99,101,46,110,101,119,40,34,85,73,83,116,114,111,107,101,34,44,32,109,97,105,110,41,10,115,116,114,111,107,101,46,84,104,105,99,107,110,101,115,115,32,61,32,51,10,115,116,114,111,107,101,46,67,111,108,111,114,32,61,32,67,111,108,111,114,51,46,102,114,111,109,82,71,66,40,48,44,32,50,53,53,44,32,48,41,10,115,116,114,111,107,101,46,84,114,97,110,115,112,97,114,101,110,99,121,32,61,32,49,32,10,10,45,45,32,50,46,32,69,76,69,77,69,78,84,79,83,32,68,65,32,73,78,84,82,79,32,40,80,79,78,84,79,83,41,10,108,111,99,97,108,32,100,111,116,115,70,114,97,109,101,32,61,32,73,110,115,116,97,110,99,101,46,110,101,119,40,34,70,114,97,109,101,34,44,32,109,97,105,110,41,10,100,111,116,115,70,114,97,109,101,46,83,105,122,101,32,61,32,85,68,105,109,50,46,110,101,119,40,49,44,32,48,44,32,49,44,32,48,41,10,100,111,116,115,70,114,97,109,101,46,66,97,99,107,103,114,111,117,110,100,84,114,97,110,115,112,97,114,101,110,99,121,32,61,32,49,10,100,111,116,115,70,114,97,109,101,46,86,105,115,105,98,108,101,32,61,32,102,97,108,115,101,32,10,10,108,111,99,97,108,32,102,117,110,99,116,105,111,110,32,67,114,101,97,116,101,68,111,116,40,112,111,115,88,41,10,32,32,32,32,108,111,99,97,108,32,100,111,116,32,61,32,73,110,115,116,97,110,99,101,46,110,101,119,40,34,70,114,97,109,101,34,44,32,100,111,116,115,70,114,97,109,101,41,10,32,32,32,32,100,111,116,46,83,105,122,101,32,61,32,85,68,105,109,50,46,110,101,119,40,48,44,32,49,53,44,32,48,44,32,49,53,41,10,32,32,32,32,100,111,116,46,65,110,99,104,111,114,80,111,105,110,116,32,61,32,86,101,99,116,111,114,50,46,110,101,119,40,48,46,53,44,32,48,46,53,41,10,32,32,32,32,100,111,116,46,80,111,115,105,116,105,111,110,32,61,32,85,68,105,109,50,46,110,101,119,40,112,111,115,88,44,32,48,44,32,48,46,53,44,32,48,41,10,32,32,32,32,100,111,116,46,66,97,99,107,103,114,111,117,110,100,67,111,108,111,114,51,32,61,32,67,111,108,111,114,51,46,102,114,111,109,82,71,66,40,48,44,32,50,53,53,44,32,48,41,10,32,32,32,32,73,110,115,116,97,110,99,101,46,110,101,119,40,34,85,73,67,111,114,110,101,114,34,44,32,100,111,116,41,46,67,111,114,110,101,114,82,97,100,105,117,115,32,61,32,85,68,105,109,46,110,101,119,40,49,44,32,48,41,10,32,32,32,32,10,32,32,32,32,84,119,101,101,110,83,101,114,118,105,99,101,58,67,114,101,97,116,101,40,100,111,116,44,32,84,119,101,101,110,73,110,102,111,46,110,101,119,40,48,46,54,44,32,69,110,117,109,46,69,97,115,105,110,103,83,116,121,108,101,46,83,105,110,101,44,32,69,110,117,109,46,69,97,115,105,110,103,68,105,114,101,99,116,105,111,110,46,73,110,79,117,116,44,32,45,49,44,32,116,114,117,101,41,44,32,123,10,32,32,32,32,32,32,32,32,66,97,99,107,103,114,111,117,110,100,84,114,97,110,115,112,97,114,101,110,99,121,32,61,32,48,46,55,44,10,32,32,32,32,32,32,32,32,83,105,122,101,32,61,32,85,68,105,109,50,46,110,101,119,40,48,44,32,56,44,32,48,44,32,56,41,10,32,32,32,32,125,41,58,80,108,97,121,40,41,10,101,110,100,10,10,67,114,101,97,116,101,68,111,116,40,48,46,51,41,59,32,67,114,101,97,116,101,68,111,116,40,48,46,53,41,59,32,67,114,101,97,116,101,68,111,116,40,48,46,55,41,10,10,45,45,32,51,46,32,67,79,78,84,69,195,154,68,79,32,40,84,65,77,65,78,72,79,32,65,74,85,83,84,65,68,79,41,10,108,111,99,97,108,32,70,73,78,65,76,95,83,73,90,69,95,80,67,32,61,32,86,101,99,116,111,114,50,46,110,101,119,40,52,53,48,44,32,50,50,48,41,10,108,111,99,97,108,32,70,73,78,65,76,95,83,73,90,69,95,77,66,32,61,32,86,101,99,116,111,114,50,46,110,101,119,40,51,53,48,44,32,50,48,48,41,10,108,111,99,97,108,32,105,115,77,111,98,105,108,101,32,61,32,103,97,109,101,58,71,101,116,83,101,114,118,105,99,101,40,34,85,115,101,114,73,110,112,117,116,83,101,114,118,105,99,101,34,41,46,84,111,117,99,104,69,110,97,98,108,101,100,10,108,111,99,97,108,32,85,83,69,95,83,73,90,69,32,61,32,105,115,77,111,98,105,108,101,32,97,110,100,32,70,73,78,65,76,95,83,73,90,69,95,77,66,32,111,114,32,70,73,78,65,76,95,83,73,90,69,95,80,67,10,10,108,111,99,97,108,32,99,111,110,116,101,110,116,32,61,32,73,110,115,116,97,110,99,101,46,110,101,119,40,34,70,114,97,109,101,34,44,32,109,97,105,110,41,10,99,111,110,116,101,110,116,46,83,105,122,101,32,61,32,85,68,105,109,50,46,110,101,119,40,48,44,32,85,83,69,95,83,73,90,69,46,88,44,32,48,44,32,85,83,69,95,83,73,90,69,46,89,41,10,99,111,110,116,101,110,116,46,65,110,99,104,111,114,80,111,105,110,116,32,61,32,86,101,99,116,111,114,50,46,110,101,119,40,48,46,53,44,32,48,46,53,41,10,99,111,110,116,101,110,116,46,80,111,115,105,116,105,111,110,32,61,32,85,68,105,109,50,46,110,101,119,40,48,46,53,44,32,48,44,32,48,46,53,44,32,48,41,10,99,111,110,116,101,110,116,46,66,97,99,107,103,114,111,117,110,100,84,114,97,110,115,112,97,114,101,110,99,121,32,61,32,49,10,99,111,110,116,101,110,116,46,86,105,115,105,98,108,101,32,61,32,102,97,108,115,101,10,10,108,111,99,97,108,32,116,105,116,108,101,32,61,32,73,110,115,116,97,110,99,101,46,110,101,119,40,34,84,101,120,116,76,97,98,101,108,34,44,32,99,111,110,116,101,110,116,41,10,116,105,116,108,101,46,83,105,122,101,32,61,32,85,68,105,109,50,46,110,101,119,40,49,44,32,48,44,32,48,44,32,53,48,41,10,116,105,116,108,101,46,80,111,115,105,116,105,111,110,32,61,32,85,68,105,109,50,46,110,101,119,40,48,44,32,48,44,32,48,44,32,49,53,41,10,116,105,116,108,101,46,84,101,120,116,32,61,32,34,62,32,83,89,83,84,69,77,32,66,82,69,65,67,72,69,68,32,95,34,10,116,105,116,108,101,46,70,111,110,116,32,61,32,69,110,117,109,46,70,111,110,116,46,67,111,100,101,10,116,105,116,108,101,46,84,101,120,116,67,111,108,111,114,51,32,61,32,67,111,108,111,114,51,46,102,114,111,109,82,71,66,40,48,44,32,50,53,53,44,32,48,41,10,116,105,116,108,101,46,84,101,120,116,83,105,122,101,32,61,32,50,52,10,116,105,116,108,101,46,66,97,99,107,103,114,111,117,110,100,84,114,97,110,115,112,97,114,101,110,99,121,32,61,32,49,10,10,108,111,99,97,108,32,105,110,102,111,76,97,98,101,108,32,61,32,73,110,115,116,97,110,99,101,46,110,101,119,40,34,84,101,120,116,76,97,98,101,108,34,44,32,99,111,110,116,101,110,116,41,10,105,110,102,111,76,97,98,101,108,46,83,105,122,101,32,61,32,85,68,105,109,50,46,110,101,119,40,49,44,32,45,52,48,44,32,49,44,32,45,55,48,41,10,105,110,102,111,76,97,98,101,108,46,80,111,115,105,116,105,111,110,32,61,32,85,68,105,109,50,46,110,101,119,40,48,44,32,50,53,44,32,48,44,32,54,53,41,10,105,110,102,111,76,97,98,101,108,46,84,101,120,116,32,61,32,34,34,32,10,105,110,102,111,76,97,98,101,108,46,70,111,110,116,32,61,32,69,110,117,109,46,70,111,110,116,46,67,111,100,101,10,105,110,102,111,76,97,98,101,108,46,84,101,120,116,67,111,108,111,114,51,32,61,32,67,111,108,111,114,51,46,102,114,111,109,82,71,66,40,48,44,32,50,53,53,44,32,48,41,10,105,110,102,111,76,97,98,101,108,46,84,101,120,116,83,105,122,101,32,61,32,49,56,10,105,110,102,111,76,97,98,101,108,46,66,97,99,107,103,114,111,117,110,100,84,114,97,110,115,112,97,114,101,110,99,121,32,61,32,49,10,105,110,102,111,76,97,98,101,108,46,84,101,120,116,88,65,108,105,103,110,109,101,110,116,32,61,32,69,110,117,109,46,84,101,120,116,88,65,108,105,103,110,109,101,110,116,46,76,101,102,116,10,105,110,102,111,76,97,98,101,108,46,84,101,120,116,89,65,108,105,103,110,109,101,110,116,32,61,32,69,110,117,109,46,84,101,120,116,89,65,108,105,103,110,109,101,110,116,46,84,111,112,10,10,45,45,32,52,46,32,76,79,71,73,67,65,32,68,69,32,65,84,85,65,76,73,90,65,195,135,195,131,79,10,82,117,110,83,101,114,118,105,99,101,46,82,101,110,100,101,114,83,116,101,112,112,101,100,58,67,111,110,110,101,99,116,40,102,117,110,99,116,105,111,110,40,100,116,41,10,32,32,32,32,108,111,99,97,108,32,102,112,115,32,61,32,109,97,116,104,46,102,108,111,111,114,40,49,47,100,116,41,10,32,32,32,32,115,116,114,111,107,101,46,67,111,108,111,114,32,61,32,67,111,108,111,114,51,46,102,114,111,109,72,83,86,40,40,116,105,99,107,40,41,32,37,32,51,41,32,47,32,51,44,32,48,46,56,44,32,49,41,10,32,32,32,32,105,102,32,99,111,110,116,101,110,116,46,86,105,115,105,98,108,101,32,116,104,101,110,10,32,32,32,32,32,32,32,32,105,110,102,111,76,97,98,101,108,46,84,101,120,116,32,61,32,115,116,114,105,110,103,46,102,111,114,109,97,116,40,34,226,151,143,32,83,84,65,84,85,83,58,32,69,88,69,67,85,84,73,78,71,46,46,46,92,110,92,110,91,43,93,32,70,80,83,58,32,37,100,92,110,91,43,93,32,75,69,89,58,32,86,65,76,73,68,65,84,69,68,92,110,91,43,93,32,68,73,83,67,79,82,68,58,32,100,115,99,46,103,103,47,104,109,120,100,107,71,77,106,89,113,92,110,91,43,93,32,85,83,69,82,58,32,37,115,34,44,32,102,112,115,44,32,103,97,109,101,46,80,108,97,121,101,114,115,46,76,111,99,97,108,80,108,97,121,101,114,46,78,97,109,101,41,10,32,32,32,32,101,110,100,10,101,110,100,41,10,10,45,45,32,53,46,32,83,69,81,85,195,138,78,67,73,65,32,68,69,32,65,78,73,77,65,195,135,195,149,69,83,10,10,45,45,32,80,65,83,83,79,32,49,58,32,69,78,84,82,65,68,65,10,84,119,101,101,110,83,101,114,118,105,99,101,58,67,114,101,97,116,101,40,109,97,105,110,44,32,84,119,101,101,110,73,110,102,111,46,110,101,119,40,48,46,54,44,32,69,110,117,109,46,69,97,115,105,110,103,83,116,121,108,101,46,66,97,99,107,44,32,69,110,117,109,46,69,97,115,105,110,103,68,105,114,101,99,116,105,111,110,46,79,117,116,41,44,32,123,10,32,32,32,32,83,105,122,101,32,61,32,85,68,105,109,50,46,110,101,119,40,48,44,32,49,56,48,44,32,48,44,32,56,48,41,10,125,41,58,80,108,97,121,40,41,10,84,119,101,101,110,83,101,114,118,105,99,101,58,67,114,101,97,116,101,40,115,116,114,111,107,101,44,32,84,119,101,101,110,73,110,102,111,46,110,101,119,40,48,46,52,41,44,32,123,84,114,97,110,115,112,97,114,101,110,99,121,32,61,32,48,125,41,58,80,108,97,121,40,41,10,10,116,97,115,107,46,119,97,105,116,40,48,46,51,41,10,100,111,116,115,70,114,97,109,101,46,86,105,115,105,98,108,101,32,61,32,116,114,117,101,32,10,10,116,97,115,107,46,119,97,105,116,40,51,41,32,10,10,45,45,32,80,65,83,83,79,32,50,58,32,77,79,82,80,72,10,100,111,116,115,70,114,97,109,101,58,68,101,115,116,114,111,121,40,41,10,84,119,101,101,110,83,101,114,118,105,99,101,58,67,114,101,97,116,101,40,109,97,105,110,44,32,84,119,101,101,110,73,110,102,111,46,110,101,119,40,48,46,55,44,32,69,110,117,109,46,69,97,115,105,110,103,83,116,121,108,101,46,81,117,97,114,116,44,32,69,110,117,109,46,69,97,115,105,110,103,68,105,114,101,99,116,105,111,110,46,79,117,116,41,44,32,123,10,32,32,32,32,83,105,122,101,32,61,32,85,68,105,109,50,46,110,101,119,40,48,44,32,85,83,69,95,83,73,90,69,46,88,44,32,48,44,32,85,83,69,95,83,73,90,69,46,89,41,10,125,41,58,80,108,97,121,40,41,10,10,116,97,115,107,46,119,97,105,116,40,48,46,50,41,10,99,111,110,116,101,110,116,46,86,105,115,105,98,108,101,32,61,32,116,114,117,101,10,108,111,99,97,108,32,115,32,61,32,73,110,115,116,97,110,99,101,46,110,101,119,40,34,83,111,117,110,100,34,44,32,109,97,105,110,41,10,115,46,83,111,117,110,100,73,100,32,61,32,34,114,98,120,97,115,115,101,116,105,100,58,47,47,49,53,52,56,51,48,52,55,54,52,34,10,115,58,80,108,97,121,40,41,10,10,116,97,115,107,46,119,97,105,116,40,55,41,32,10,10,45,45,32,80,65,83,83,79,32,51,58,32,83,65,195,141,68,65,10,108,111,99,97,108,32,111,117,116,84,119,101,101,110,32,61,32,84,119,101,101,110,83,101,114,118,105,99,101,58,67,114,101,97,116,101,40,109,97,105,110,44,32,84,119,101,101,110,73,110,102,111,46,110,101,119,40,48,46,56,44,32,69,110,117,109,46,69,97,115,105,110,103,83,116,121,108,101,46,66,97,99,107,44,32,69,110,117,109,46,69,97,115,105,110,103,68,105,114,101,99,116,105,111,110,46,73,110,41,44,32,123,10,32,32,32,32,83,105,122,101,32,61,32,85,68,105,109,50,46,110,101,119,40,48,44,32,48,44,32,48,44,32,48,41,44,10,32,32,32,32,82,111,116,97,116,105,111,110,32,61,32,49,48,10,125,41,10,111,117,116,84,119,101,101,110,58,80,108,97,121,40,41,10,10,102,111,114,32,95,44,32,118,32,105,110,32,105,112,97,105,114,115,40,99,111,110,116,101,110,116,58,71,101,116,67,104,105,108,100,114,101,110,40,41,41,32,100,111,10,32,32,32,32,105,102,32,118,58,73,115,65,40,34,84,101,120,116,76,97,98,101,108,34,41,32,116,104,101,110,10,32,32,32,32,32,32,32,32,84,119,101,101,110,83,101,114,118,105,99,101,58,67,114,101,97,116,101,40,118,44,32,84,119,101,101,110,73,110,102,111,46,110,101,119,40,48,46,51,41,44,32,123,84,101,120,116,84,114,97,110,115,112,97,114,101,110,99,121,32,61,32,49,125,41,58,80,108,97,121,40,41,10,32,32,32,32,101,110,100,10,101,110,100,10,10,111,117,116,84,119,101,101,110,46,67,111,109,112,108,101,116,101,100,58,87,97,105,116,40,41,10,10,45,45,32,69,88,69,67,85,195,135,195,131,79,32,68,79,32,80,82,73,78,84,32,70,73,78,65,76,32,10,108,111,99,97,108,32,67,111,114,101,71,117,105,32,61,32,103,97,109,101,58,71,101,116,83,101,114,118,105,99,101,40,34,67,111,114,101,71,117,105,34,41,10,108,111,99,97,108,32,84,119,101,101,110,83,101,114,118,105,99,101,32,61,32,103,97,109,101,58,71,101,116,83,101,114,118,105,99,101,40,34,84,119,101,101,110,83,101,114,118,105,99,101,34,41,10,108,111,99,97,108,32,82,117,110,83,101,114,118,105,99,101,32,61,32,103,97,109,101,58,71,101,116,83,101,114,118,105,99,101,40,34,82,117,110,83,101,114,118,105,99,101,34,41,10,10,45,45,32,68,101,108,101,116,97,114,32,118,101,114,115,195,163,111,32,97,110,116,101,114,105,111,114,32,115,101,32,101,120,105,115,116,105,114,32,112,97,114,97,32,110,195,163,111,32,115,111,98,114,101,112,111,114,10,105,102,32,67,111,114,101,71,117,105,58,70,105,110,100,70,105,114,115,116,67,104,105,108,100,40,34,84,111,97,115,116,95,82,71,66,95,83,121,115,116,101,109,34,41,32,116,104,101,110,10,32,32,32,32,67,111,114,101,71,117,105,46,84,111,97,115,116,95,82,71,66,95,83,121,115,116,101,109,58,68,101,115,116,114,111,121,40,41,10,101,110,100,10,10,108,111,99,97,108,32,115,103,32,61,32,73,110,115,116,97,110,99,101,46,110,101,119,40,34,83,99,114,101,101,110,71,117,105,34,41,10,115,103,46,78,97,109,101,32,61,32,34,84,111,97,115,116,95,82,71,66,95,83,121,115,116,101,109,34,10,115,103,46,80,97,114,101,110,116,32,61,32,67,111,114,101,71,117,105,10,115,103,46,68,105,115,112,108,97,121,79,114,100,101,114,32,61,32,57,57,57,57,57,57,32,45,45,32,86,97,108,111,114,32,109,195,161,120,105,109,111,32,112,97,114,97,32,102,105,99,97,114,32,97,99,105,109,97,32,100,101,32,116,117,100,111,10,115,103,46,73,103,110,111,114,101,71,117,105,73,110,115,101,116,32,61,32,116,114,117,101,32,45,45,32,73,103,110,111,114,97,32,97,32,98,97,114,114,97,32,115,117,112,101,114,105,111,114,32,100,111,32,82,111,98,108,111,120,10,10,108,111,99,97,108,32,109,97,105,110,32,61,32,73,110,115,116,97,110,99,101,46,110,101,119,40,34,70,114,97,109,101,34,41,10,109,97,105,110,46,83,105,122,101,32,61,32,85,68,105,109,50,46,110,101,119,40,48,44,32,50,56,48,44,32,48,44,32,56,53,41,10,45,45,32,80,79,83,73,195,135,195,131,79,32,89,32,65,74,85,83,84,65,68,65,58,32,48,46,55,32,112,97,114,97,32,115,117,98,105,114,32,109,97,105,115,32,110,97,32,116,101,108,97,32,40,108,111,110,103,101,32,100,111,32,102,117,110,100,111,41,10,109,97,105,110,46,80,111,115,105,116,105,111,110,32,61,32,85,68,105,109,50,46,110,101,119,40,49,46,50,44,32,48,44,32,48,46,55,44,32,48,41,32,10,109,97,105,110,46,66,97,99,107,103,114,111,117,110,100,67,111,108,111,114,51,32,61,32,67,111,108,111,114,51,46,102,114,111,109,82,71,66,40,49,48,44,32,49,48,44,32,49,48,41,10,109,97,105,110,46,66,111,114,100,101,114,83,105,122,101,80,105,120,101,108,32,61,32,48,10,109,97,105,110,46,80,97,114,101,110,116,32,61,32,115,103,10,10,108,111,99,97,108,32,99,111,114,110,101,114,32,61,32,73,110,115,116,97,110,99,101,46,110,101,119,40,34,85,73,67,111,114,110,101,114,34,44,32,109,97,105,110,41,10,99,111,114,110,101,114,46,67,111,114,110,101,114,82,97,100,105,117,115,32,61,32,85,68,105,109,46,110,101,119,40,48,44,32,49,48,41,10,10,108,111,99,97,108,32,115,116,114,111,107,101,32,61,32,73,110,115,116,97,110,99,101,46,110,101,119,40,34,85,73,83,116,114,111,107,101,34,44,32,109,97,105,110,41,10,115,116,114,111,107,101,46,84,104,105,99,107,110,101,115,115,32,61,32,50,46,53,10,115,116,114,111,107,101,46,65,112,112,108,121,83,116,114,111,107,101,77,111,100,101,32,61,32,69,110,117,109,46,65,112,112,108,121,83,116,114,111,107,101,77,111,100,101,46,66,111,114,100,101,114,10,10,108,111,99,97,108,32,116,105,116,108,101,32,61,32,73,110,115,116,97,110,99,101,46,110,101,119,40,34,84,101,120,116,76,97,98,101,108,34,44,32,109,97,105,110,41,10,116,105,116,108,101,46,83,105,122,101,32,61,32,85,68,105,109,50,46,110,101,119,40,49,44,32,45,50,48,44,32,48,44,32,51,48,41,10,116,105,116,108,101,46,80,111,115,105,116,105,111,110,32,61,32,85,68,105,109,50,46,110,101,119,40,48,44,32,49,53,44,32,48,44,32,56,41,10,116,105,116,108,101,46,66,97,99,107,103,114,111,117,110,100,84,114,97,110,115,112,97,114,101,110,99,121,32,61,32,49,10,116,105,116,108,101,46,84,101,120,116,32,61,32,34,78,79,84,73,70,73,67,65,195,135,195,131,79,34,10,116,105,116,108,101,46,84,101,120,116,67,111,108,111,114,51,32,61,32,67,111,108,111,114,51,46,110,101,119,40,49,44,32,49,44,32,49,41,10,116,105,116,108,101,46,84,101,120,116,83,105,122,101,32,61,32,49,57,10,116,105,116,108,101,46,70,111,110,116,32,61,32,69,110,117,109,46,70,111,110,116,46,71,111,116,104,97,109,66,111,108,100,10,116,105,116,108,101,46,84,101,120,116,88,65,108,105,103,110,109,101,110,116,32,61,32,69,110,117,109,46,84,101,120,116,88,65,108,105,103,110,109,101,110,116,46,76,101,102,116,10,10,108,111,99,97,108,32,100,101,115,99,32,61,32,73,110,115,116,97,110,99,101,46,110,101,119,40,34,84,101,120,116,76,97,98,101,108,34,44,32,109,97,105,110,41,10,100,101,115,99,46,83,105,122,101,32,61,32,85,68,105,109,50,46,110,101,119,40,49,44,32,45,51,48,44,32,48,44,32,52,48,41,10,100,101,115,99,46,80,111,115,105,116,105,111,110,32,61,32,85,68,105,109,50,46,110,101,119,40,48,44,32,49,53,44,32,48,44,32,51,56,41,10,100,101,115,99,46,66,97,99,107,103,114,111,117,110,100,84,114,97,110,115,112,97,114,101,110,99,121,32,61,32,49,10,100,101,115,99,46,84,101,120,116,32,61,32,34,69,120,101,99,117,116,97,100,111,32,99,111,109,32,115,117,99,101,115,115,111,33,32,87,97,108,108,72,111,112,32,76,101,103,105,116,32,86,50,46,34,10,100,101,115,99,46,84,101,120,116,67,111,108,111,114,51,32,61,32,67,111,108,111,114,51,46,102,114,111,109,82,71,66,40,50,50,48,44,32,50,50,48,44,32,50,50,48,41,10,100,101,115,99,46,84,101,120,116,83,105,122,101,32,61,32,49,51,10,100,101,115,99,46,70,111,110,116,32,61,32,69,110,117,109,46,70,111,110,116,46,71,111,116,104,97,109,77,101,100,105,117,109,10,100,101,115,99,46,84,101,120,116,87,114,97,112,112,101,100,32,61,32,116,114,117,101,10,100,101,115,99,46,84,101,120,116,88,65,108,105,103,110,109,101,110,116,32,61,32,69,110,117,109,46,84,101,120,116,88,65,108,105,103,110,109,101,110,116,46,76,101,102,116,10,10,45,45,32,83,111,109,32,100,101,32,78,111,116,105,102,105,99,97,195,167,195,163,111,10,108,111,99,97,108,32,115,111,117,110,100,32,61,32,73,110,115,116,97,110,99,101,46,110,101,119,40,34,83,111,117,110,100,34,44,32,109,97,105,110,41,10,115,111,117,110,100,46,83,111,117,110,100,73,100,32,61,32,34,114,98,120,97,115,115,101,116,105,100,58,47,47,54,53,49,56,56,49,49,55,48,50,34,10,115,111,117,110,100,46,86,111,108,117,109,101,32,61,32,48,46,54,10,10,45,45,32,76,111,111,112,32,82,71,66,10,82,117,110,83,101,114,118,105,99,101,46,82,101,110,100,101,114,83,116,101,112,112,101,100,58,67,111,110,110,101,99,116,40,102,117,110,99,116,105,111,110,40,41,10,32,32,32,32,108,111,99,97,108,32,104,117,101,32,61,32,40,116,105,99,107,40,41,32,37,32,51,41,32,47,32,51,32,10,32,32,32,32,108,111,99,97,108,32,99,111,108,111,114,32,61,32,67,111,108,111,114,51,46,102,114,111,109,72,83,86,40,104,117,101,44,32,48,46,56,44,32,49,41,10,32,32,32,32,115,116,114,111,107,101,46,67,111,108,111,114,32,61,32,99,111,108,111,114,10,32,32,32,32,116,105,116,108,101,46,84,101,120,116,67,111,108,111,114,51,32,61,32,99,111,108,111,114,10,101,110,100,41,10,10,45,45,32,70,117,110,195,167,195,163,111,32,100,101,32,65,110,105,109,97,195,167,195,163,111,10,108,111,99,97,108,32,102,117,110,99,116,105,111,110,32,78,111,116,105,102,121,40,41,10,32,32,32,32,115,111,117,110,100,58,80,108,97,121,40,41,10,32,32,32,32,45,45,32,69,110,116,114,97,100,97,32,115,117,97,118,101,32,40,112,97,114,97,32,97,32,101,115,113,117,101,114,100,97,41,10,32,32,32,32,108,111,99,97,108,32,116,119,101,101,110,73,110,32,61,32,84,119,101,101,110,83,101,114,118,105,99,101,58,67,114,101,97,116,101,40,109,97,105,110,44,32,84,119,101,101,110,73,110,102,111,46,110,101,119,40,48,46,56,44,32,69,110,117,109,46,69,97,115,105,110,103,83,116,121,108,101,46,81,117,97,114,116,44,32,69,110,117,109,46,69,97,115,105,110,103,68,105,114,101,99,116,105,111,110,46,79,117,116,41,44,32,123,10,32,32,32,32,32,32,32,32,80,111,115,105,116,105,111,110,32,61,32,85,68,105,109,50,46,110,101,119,40,48,46,57,56,44,32,45,50,56,48,44,32,48,46,55,44,32,48,41,10,32,32,32,32,125,41,10,32,32,32,32,116,119,101,101,110,73,110,58,80,108,97,121,40,41,10,32,32,32,32,10,32,32,32,32,116,97,115,107,46,119,97,105,116,40,52,41,32,45,45,32,84,101,109,112,111,32,113,117,101,32,102,105,99,97,32,110,97,32,116,101,108,97,10,32,32,32,32,10,32,32,32,32,45,45,32,83,97,195,173,100,97,32,115,117,97,118,101,32,40,112,97,114,97,32,97,32,100,105,114,101,105,116,97,41,10,32,32,32,32,108,111,99,97,108,32,116,119,101,101,110,79,117,116,32,61,32,84,119,101,101,110,83,101,114,118,105,99,101,58,67,114,101,97,116,101,40,109,97,105,110,44,32,84,119,101,101,110,73,110,102,111,46,110,101,119,40,48,46,56,44,32,69,110,117,109,46,69,97,115,105,110,103,83,116,121,108,101,46,81,117,97,114,116,44,32,69,110,117,109,46,69,97,115,105,110,103,68,105,114,101,99,116,105,111,110,46,73,110,41,44,32,123,10,32,32,32,32,32,32,32,32,80,111,115,105,116,105,111,110,32,61,32,85,68,105,109,50,46,110,101,119,40,49,46,50,44,32,48,44,32,48,46,55,44,32,48,41,10,32,32,32,32,125,41,10,32,32,32,32,116,119,101,101,110,79,117,116,58,80,108,97,121,40,41,10,32,32,32,32,10,32,32,32,32,116,97,115,107,46,119,97,105,116,40,48,46,56,41,10,32,32,32,32,115,103,58,68,101,115,116,114,111,121,40,41,10,101,110,100,10,10,116,97,115,107,46,115,112,97,119,110,40,78,111,116,105,102,121,41,10,10,108,111,99,97,108,32,84,119,101,101,110,83,101,114,118,105,99,101,32,61,32,103,97,109,101,58,71,101,116,83,101,114,118,105,99,101,40,34,84,119,101,101,110,83,101,114,118,105,99,101,34,41,10,108,111,99,97,108,32,67,111,110,116,101,110,116,80,114,111,118,105,100,101,114,32,61,32,103,97,109,101,58,71,101,116,83,101,114,118,105,99,101,40,34,67,111,110,116,101,110,116,80,114,111,118,105,100,101,114,34,41,10,108,111,99,97,108,32,112,108,114,32,61,32,103,97,109,101,46,80,108,97,121,101,114,115,46,76,111,99,97,108,80,108,97,121,101,114,10,108,111,99,97,108,32,114,115,32,61,32,103,97,109,101,58,71,101,116,83,101,114,118,105,99,101,40,34,82,101,112,108,105,99,97,116,101,100,83,116,111,114,97,103,101,34,41,10,108,111,99,97,108,32,103,117,105,121,121,121,32,61,32,73,110,115,116,97,110,99,101,46,110,101,119,40,34,83,99,114,101,101,110,71,117,105,34,41,10,10,108,111,99,97,108,32,108,101,116,115,103,111,32,61,32,116,114,117,101,10,108,111,99,97,108,32,108,111,97,100,115,99,114,105,112,116,32,61,32,73,110,115,116,97,110,99,101,46,110,101,119,40,34,66,111,111,108,86,97,108,117,101,34,41,10,108,111,97,100,115,99,114,105,112,116,46,78,97,109,101,32,61,32,34,76,111,97,100,83,99,114,105,112,116,79,114,78,111,34,10,108,111,97,100,115,99,114,105,112,116,46,80,97,114,101,110,116,32,61,32,114,115,10,10,102,111,114,32,95,44,32,102,105,108,101,32,105,110,32,112,97,105,114,115,40,114,115,58,71,101,116,67,104,105,108,100,114,101,110,40,41,41,32,100,111,10,32,32,105,102,32,102,105,108,101,58,73,115,65,40,34,66,111,111,108,86,97,108,117,101,34,41,32,116,104,101,110,10,32,32,32,32,105,102,32,102,105,108,101,46,86,97,108,117,101,32,61,61,32,116,114,117,101,32,116,104,101,110,10,32,32,32,32,32,32,105,102,32,102,105,108,101,46,78,97,109,101,32,61,61,32,34,76,111,97,100,83,99,114,105,112,116,79,114,78,111,34,32,116,104,101,110,10,32,32,32,32,32,32,32,32,108,101,116,115,103,111,32,61,32,102,97,108,115,101,10,32,32,32,32,32,32,32,32,108,111,97,100,115,99,114,105,112,116,58,68,101,115,116,114,111,121,40,41,10,32,32,32,32,32,32,101,110,100,10,32,32,32,32,101,110,100,10,32,32,101,110,100,10,101,110,100,10,10,10,105,102,32,108,111,97,100,115,99,114,105,112,116,46,86,97,108,117,101,32,61,61,32,102,97,108,115,101,32,97,110,100,32,108,101,116,115,103,111,32,61,61,32,116,114,117,101,32,116,104,101,110,10,32,32,108,111,97,100,115,99,114,105,112,116,46,86,97,108,117,101,32,61,32,116,114,117,101,10,32,32,103,117,105,121,121,121,46,78,97,109,101,32,61,32,34,76,111,97,100,83,99,114,101,101,110,34,10,32,32,103,117,105,121,121,121,46,80,97,114,101,110,116,32,61,32,103,97,109,101,46,67,111,114,101,71,117,105,10,10,32,32,108,111,99,97,108,32,108,111,97,100,115,99,114,101,101,110,32,61,32,73,110,115,116,97,110,99,101,46,110,101,119,40,34,73,109,97,103,101,76,97,98,101,108,34,44,32,103,117,105,121,121,121,41,10,32,32,73,110,115,116,97,110,99,101,46,110,101,119,40,34,85,73,67,111,114,110,101,114,34,44,32,108,111,97,100,115,99,114,101,101,110,41,10,32,32,32,10,32,32,108,111,99,97,108,32,108,97,98,101,108,32,61,32,73,110,115,116,97,110,99,101,46,110,101,119,40,34,84,101,120,116,76,97,98,101,108,34,44,32,103,117,105,121,121,121,41,32,10,32,32,108,97,98,101,108,46,83,105,122,101,32,61,32,85,68,105,109,50,46,110,101,119,40,48,46,50,51,51,44,48,44,48,46,48,55,53,44,48,41,10,32,32,108,97,98,101,108,46,80,111,115,105,116,105,111,110,32,61,32,85,68,105,109,50,46,110,101,119,40,48,46,53,44,48,44,48,46,55,52,48,44,48,41,10,32,32,108,97,98,101,108,46,66,97,99,107,103,114,111,117,110,100,84,114,97,110,115,112,97,114,101,110,99,121,32,61,32,49,10,32,32,108,97,98,101,108,46,84,101,120,116,84,114,97,110,115,112,97,114,101,110,99,121,32,61,32,49,10,32,32,108,97,98,101,108,46,65,110,99,104,111,114,80,111,105,110,116,32,61,32,86,101,99,116,111,114,50,46,110,101,119,40,48,46,53,44,48,46,53,41,10,32,32,108,97,98,101,108,46,84,101,120,116,32,61,32,34,87,97,108,108,32,72,111,112,32,76,101,103,105,116,32,86,50,34,10,32,32,108,97,98,101,108,46,84,101,120,116,83,99,97,108,101,100,32,61,32,116,114,117,101,10,32,32,108,97,98,101,108,46,70,111,110,116,32,61,32,69,110,117,109,46,70,111,110,116,46,71,111,116,104,97,109,10,32,32,108,97,98,101,108,46,84,101,120,116,67,111,108,111,114,51,32,61,32,67,111,108,111,114,51,46,102,114,111,109,82,71,66,40,50,53,53,44,32,50,53,53,44,32,50,53,53,41,10,32,32,10,32,32,108,111,97,100,115,99,114,101,101,110,46,85,73,67,111,114,110,101,114,46,67,111,114,110,101,114,82,97,100,105,117,115,32,61,32,85,68,105,109,46,110,101,119,40,48,46,49,50,53,44,48,41,10,32,32,108,111,97,100,115,99,114,101,101,110,46,83,105,122,101,32,61,32,85,68,105,109,50,46,110,101,119,40,48,46,50,51,51,44,48,44,48,46,52,44,48,41,10,32,32,108,111,97,100,115,99,114,101,101,110,46,73,109,97,103,101,32,61,32,34,104,116,116,112,58,47,47,119,119,119,46,114,111,98,108,111,120,46,99,111,109,47,97,115,115,101,116,47,63,105,100,61,55,52,52,55,51,49,51,51,54,56,57,53,54,48,34,10,32,32,108,111,97,100,115,99,114,101,101,110,46,80,111,115,105,116,105,111,110,32,61,32,85,68,105,109,50,46,110,101,119,40,48,46,53,44,48,44,48,46,53,44,48,41,10,32,32,108,111,97,100,115,99,114,101,101,110,46,65,110,99,104,111,114,80,111,105,110,116,32,61,32,86,101,99,116,111,114,50,46,110,101,119,40,48,46,53,44,48,46,53,41,10,32,32,108,111,97,100,115,99,114,101,101,110,46,66,111,114,100,101,114,83,105,122,101,80,105,120,101,108,32,61,32,48,10,32,32,108,111,97,100,115,99,114,101,101,110,46,66,97,99,107,103,114,111,117,110,100,67,111,108,111,114,51,32,61,32,67,111,108,111,114,51,46,102,114,111,109,82,71,66,40,50,53,53,44,32,50,53,53,44,32,50,53,53,41,10,32,32,108,111,97,100,115,99,114,101,101,110,46,73,109,97,103,101,84,114,97,110,115,112,97,114,101,110,99,121,32,61,32,49,10,32,32,108,111,97,100,115,99,114,101,101,110,46,66,97,99,107,103,114,111,117,110,100,84,114,97,110,115,112,97,114,101,110,99,121,32,61,32,49,10,10,32,32,116,97,115,107,46,119,97,105,116,40,48,46,53,41,10,10,32,32,84,119,101,101,110,83,101,114,118,105,99,101,58,67,114,101,97,116,101,40,108,111,97,100,115,99,114,101,101,110,44,32,84,119,101,101,110,73,110,102,111,46,110,101,119,40,49,46,53,41,44,32,123,73,109,97,103,101,84,114,97,110,115,112,97,114,101,110,99,121,32,61,32,48,44,32,66,97,99,107,103,114,111,117,110,100,84,114,97,110,115,112,97,114,101,110,99,121,32,61,32,48,125,41,58,80,108,97,121,40,41,10,32,32,84,119,101,101,110,83,101,114,118,105,99,101,58,67,114,101,97,116,101,40,108,97,98,101,108,44,32,84,119,101,101,110,73,110,102,111,46,110,101,119,40,49,46,53,41,44,32,123,84,101,120,116,84,114,97,110,115,112,97,114,101,110,99,121,32,61,32,48,125,41,58,80,108,97,121,40,41,10,32,32,116,97,115,107,46,119,97,105,116,40,51,41,10,32,32,84,119,101,101,110,83,101,114,118,105,99,101,58,67,114,101,97,116,101,40,108,111,97,100,115,99,114,101,101,110,44,32,84,119,101,101,110,73,110,102,111,46,110,101,119,40,49,46,53,41,44,32,123,73,109,97,103,101,84,114,97,110,115,112,97,114,101,110,99,121,32,61,32,49,44,32,66,97,99,107,103,114,111,117,110,100,84,114,97,110,115,112,97,114,101,110,99,121,32,61,32,49,125,41,58,80,108,97,121,40,41,10,32,32,84,119,101,101,110,83,101,114,118,105,99,101,58,67,114,101,97,116,101,40,108,97,98,101,108,44,32,84,119,101,101,110,73,110,102,111,46,110,101,119,40,49,46,53,41,44,32,123,84,101,120,116,84,114,97,110,115,112,97,114,101,110,99,121,32,61,32,49,125,41,58,80,108,97,121,40,41,10,32,32,116,97,115,107,46,119,97,105,116,40,49,46,53,41,10,32,32,103,117,105,121,121,121,58,68,101,115,116,114,111,121,40,41,10,10,32,32,108,111,99,97,108,32,116,111,103,103,108,101,32,61,32,102,97,108,115,101,10,32,32,108,111,99,97,108,32,109,101,110,117,32,61,32,73,110,115,116,97,110,99,101,46,110,101,119,40,34,70,114,97,109,101,34,41,10,32,32,108,111,99,97,108,32,98,117,116,116,111,110,32,61,32,73,110,115,116,97,110,99,101,46,110,101,119,40,34,84,101,120,116,66,117,116,116,111,110,34,44,32,109,101,110,117,41,10,10,32,32,109,101,110,117,46,83,105,122,101,32,61,32,85,68,105,109,50,46,110,101,119,40,48,46,49,50,53,44,48,44,48,46,48,55,53,44,48,41,10,32,32,109,101,110,117,46,66,97,99,107,103,114,111,117,110,100,84,114,97,110,115,112,97,114,101,110,99,121,32,61,32,48,46,56,53,10,32,32,109,101,110,117,46,66,97,99,107,103,114,111,117,110,100,67,111,108,111,114,51,32,61,32,67,111,108,111,114,51,46,102,114,111,109,82,71,66,40,50,53,53,44,32,50,53,53,44,32,50,53,53,41,10,10,32,32,98,117,116,116,111,110,46,83,105,122,101,32,61,32,85,68,105,109,50,46,110,101,119,40,48,46,56,50,48,44,48,44,48,46,54,53,44,48,41,10,32,32,98,117,116,116,111,110,46,80,111,115,105,116,105,111,110,32,61,32,85,68,105,109,50,46,110,101,119,40,48,46,53,44,48,44,48,46,53,44,48,41,10,32,32,98,117,116,116,111,110,46,66,97,99,107,103,114,111,117,110,100,84,114,97,110,115,112,97,114,101,110,99,121,32,61,32,48,46,56,53,10,32,32,98,117,116,116,111,110,46,65,110,99,104,111,114,80,111,105,110,116,32,61,32,86,101,99,116,111,114,50,46,110,101,119,40,48,46,53,44,48,46,53,41,10,32,32,98,117,116,116,111,110,46,84,101,120,116,32,61,32,34,87,97,108,107,105,110,103,34,10,32,32,98,117,116,116,111,110,46,84,101,120,116,83,99,97,108,101,100,32,61,32,116,114,117,101,10,32,32,98,117,116,116,111,110,46,70,111,110,116,32,61,32,69,110,117,109,46,70,111,110,116,46,71,111,116,104,97,109,10,32,32,98,117,116,116,111,110,46,84,101,120,116,67,111,108,111,114,51,32,61,32,67,111,108,111,114,51,46,102,114,111,109,82,71,66,40,48,44,32,48,44,32,48,41,10,32,32,98,117,116,116,111,110,46,66,111,114,100,101,114,83,105,122,101,80,105,120,101,108,32,61,32,48,10,32,32,98,117,116,116,111,110,46,66,97,99,107,103,114,111,117,110,100,67,111,108,111,114,51,32,61,32,67,111,108,111,114,51,46,102,114,111,109,82,71,66,40,50,53,53,44,32,50,53,53,44,32,50,53,53,41,10,10,32,32,73,110,115,116,97,110,99,101,46,110,101,119,40,34,85,73,67,111,114,110,101,114,34,44,32,109,101,110,117,41,10,32,32,73,110,115,116,97,110,99,101,46,110,101,119,40,34,85,73,67,111,114,110,101,114,34,44,32,98,117,116,116,111,110,41,10,10,32,32,108,111,99,97,108,32,85,115,101,114,73,110,112,117,116,83,101,114,118,105,99,101,32,61,32,103,97,109,101,58,71,101,116,83,101,114,118,105,99,101,40,34,85,115,101,114,73,110,112,117,116,83,101,114,118,105,99,101,34,41,10,10,32,32,108,111,99,97,108,32,103,117,105,32,61,32,109,101,110,117,10,10,32,32,108,111,99,97,108,32,100,114,97,103,103,105,110,103,10,32,32,108,111,99,97,108,32,100,114,97,103,73,110,112,117,116,10,32,32,108,111,99,97,108,32,100,114,97,103,83,116,97,114,116,10,32,32,108,111,99,97,108,32,115,116,97,114,116,80,111,115,10,10,32,32,108,111,99,97,108,32,102,117,110,99,116,105,111,110,32,117,112,100,97,116,101,40,105,110,112,117,116,41,10,32,32,32,32,108,111,99,97,108,32,100,101,108,116,97,32,61,32,105,110,112,117,116,46,80,111,115,105,116,105,111,110,32,45,32,100,114,97,103,83,116,97,114,116,10,32,32,32,32,103,117,105,46,80,111,115,105,116,105,111,110,32,61,32,85,68,105,109,50,46,110,101,119,40,115,116,97,114,116,80,111,115,46,88,46,83,99,97,108,101,44,32,115,116,97,114,116,80,111,115,46,88,46,79,102,102,115,101,116,32,43,32,100,101,108,116,97,46,88,44,32,115,116,97,114,116,80,111,115,46,89,46,83,99,97,108,101,44,32,115,116,97,114,116,80,111,115,46,89,46,79,102,102,115,101,116,32,43,32,100,101,108,116,97,46,89,41,10,32,32,101,110,100,10,10,32,32,103,117,105,46,73,110,112,117,116,66,101,103,97,110,58,67,111,110,110,101,99,116,40,102,117,110,99,116,105,111,110,40,105,110,112,117,116,41,10,32,32,32,32,105,102,32,105,110,112,117,116,46,85,115,101,114,73,110,112,117,116,84,121,112,101,32,61,61,32,69,110,117,109,46,85,115,101,114,73,110,112,117,116,84,121,112,101,46,77,111,117,115,101,66,117,116,116,111,110,49,32,111,114,32,105,110,112,117,116,46,85,115,101,114,73,110,112,117,116,84,121,112,101,32,61,61,32,69,110,117,109,46,85,115,101,114,73,110,112,117,116,84,121,112,101,46,84,111,117,99,104,32,116,104,101,110,10,32,32,32,32,32,32,100,114,97,103,103,105,110,103,32,61,32,116,114,117,101,10,32,32,32,32,32,32,100,114,97,103,83,116,97,114,116,32,61,32,105,110,112,117,116,46,80,111,115,105,116,105,111,110,10,32,32,32,32,32,32,115,116,97,114,116,80,111,115,32,61,32,103,117,105,46,80,111,115,105,116,105,111,110,10,10,32,32,32,32,32,32,105,110,112,117,116,46,67,104,97,110,103,101,100,58,67,111,110,110,101,99,116,40,102,117,110,99,116,105,111,110,40,41,10,32,32,32,32,32,32,32,32,105,102,32,105,110,112,117,116,46,85,115,101,114,73,110,112,117,116,83,116,97,116,101,32,61,61,32,69,110,117,109,46,85,115,101,114,73,110,112,117,116,83,116,97,116,101,46,69,110,100,32,116,104,101,110,10,32,32,32,32,32,32,32,32,32,32,100,114,97,103,103,105,110,103,32,61,32,102,97,108,115,101,10,32,32,32,32,32,32,32,32,101,110,100,10,32,32,32,32,32,32,101,110,100,41,10,32,32,32,32,101,110,100,10,32,32,101,110,100,41,10,10,32,32,103,117,105,46,73,110,112,117,116,67,104,97,110,103,101,100,58,67,111,110,110,101,99,116,40,102,117,110,99,116,105,111,110,40,105,110,112,117,116,41,10,32,32,32,32,105,102,32,105,110,112,117,116,46,85,115,101,114,73,110,112,117,116,84,121,112,101,32,61,61,32,69,110,117,109,46,85,115,101,114,73,110,112,117,116,84,121,112,101,46,77,111,117,115,101,77,111,118,101,109,101,110,116,32,111,114,32,105,110,112,117,116,46,85,115,101,114,73,110,112,117,116,84,121,112,101,32,61,61,32,69,110,117,109,46,85,115,101,114,73,110,112,117,116,84,121,112,101,46,84,111,117,99,104,32,116,104,101,110,10,32,32,32,32,32,32,100,114,97,103,73,110,112,117,116,32,61,32,105,110,112,117,116,10,32,32,32,32,101,110,100,10,32,32,101,110,100,41,10,10,32,32,85,115,101,114,73,110,112,117,116,83,101,114,118,105,99,101,46,73,110,112,117,116,67,104,97,110,103,101,100,58,67,111,110,110,101,99,116,40,102,117,110,99,116,105,111,110,40,105,110,112,117,116,41,10,32,32,32,32,105,102,32,105,110,112,117,116,32,61,61,32,100,114,97,103,73,110,112,117,116,32,97,110,100,32,100,114,97,103,103,105,110,103,32,116,104,101,110,10,32,32,32,32,32,32,117,112,100,97,116,101,40,105,110,112,117,116,41,10,32,32,32,32,101,110,100,10,32,32,101,110,100,41,10,10,32,32,98,117,116,116,111,110,46,77,111,117,115,101,66,117,116,116,111,110,49,67,108,105,99,107,58,67,111,110,110,101,99,116,40,102,117,110,99,116,105,111,110,40,41,10,32,32,32,32,105,102,32,116,111,103,103,108,101,32,61,61,32,102,97,108,115,101,32,116,104,101,110,10,32,32,32,32,32,32,116,111,103,103,108,101,32,61,32,116,114,117,101,10,32,32,32,32,32,32,98,117,116,116,111,110,46,84,101,120,116,32,61,32,34,87,97,108,108,72,111,112,34,10,32,32,32,32,101,108,115,101,10,32,32,32,32,32,32,116,111,103,103,108,101,32,61,32,102,97,108,115,101,10,32,32,32,32,32,32,98,117,116,116,111,110,46,84,101,120,116,32,61,32,34,87,97,108,107,105,110,103,34,10,32,32,32,32,101,110,100,10,32,32,101,110,100,41,10,10,32,32,108,111,99,97,108,32,73,110,102,105,110,105,116,101,74,117,109,112,69,110,97,98,108,101,100,32,61,32,116,114,117,101,10,103,97,109,101,58,71,101,116,83,101,114,118,105,99,101,40,34,85,115,101,114,73,110,112,117,116,83,101,114,118,105,99,101,34,41,46,74,117,109,112,82,101,113,117,101,115,116,58,99,111,110,110,101,99,116,40,102,117,110,99,116,105,111,110,40,41,10,32,32,32,32,105,102,32,116,111,103,103,108,101,32,61,61,32,116,114,117,101,32,116,104,101,110,10,32,32,32,32,32,32,105,102,32,73,110,102,105,110,105,116,101,74,117,109,112,69,110,97,98,108,101,100,32,61,61,32,116,114,117,101,32,116,104,101,110,32,32,10,32,32,32,32,32,32,32,32,103,97,109,101,58,71,101,116,83,101,114,118,105,99,101,34,80,108,97,121,101,114,115,34,46,76,111,99,97,108,80,108,97,121,101,114,46,67,104,97,114,97,99,116,101,114,58,70,105,110,100,70,105,114,115,116,67,104,105,108,100,79,102,67,108,97,115,115,39,72,117,109,97,110,111,105,100,39,58,67,104,97,110,103,101,83,116,97,116,101,40,34,74,117,109,112,105,110,103,34,41,10,32,32,32,32,32,32,32,32,73,110,102,105,110,105,116,101,74,117,109,112,69,110,97,98,108,101,100,32,61,32,102,97,108,115,101,10,32,32,32,32,32,32,32,32,103,97,109,101,46,80,108,97,121,101,114,115,46,76,111,99,97,108,80,108,97,121,101,114,46,67,104,97,114,97,99,116,101,114,46,72,117,109,97,110,111,105,100,82,111,111,116,80,97,114,116,46,67,70,114,97,109,101,32,61,32,103,97,109,101,46,80,108,97,121,101,114,115,46,76,111,99,97,108,80,108,97,121,101,114,46,67,104,97,114,97,99,116,101,114,46,72,117,109,97,110,111,105,100,82,111,111,116,80,97,114,116,46,67,70,114,97,109,101,32,42,32,67,70,114,97,109,101,46,65,110,103,108,101,115,40,48,44,32,45,49,44,32,48,41,10,32,32,32,32,32,32,32,32,119,97,105,116,40,48,46,50,41,10,32,32,32,32,32,32,32,32,103,97,109,101,46,80,108,97,121,101,114,115,46,76,111,99,97,108,80,108,97,121,101,114,46,67,104,97,114,97,99,116,101,114,46,72,117,109,97,110,111,105,100,82,111,111,116,80,97,114,116,46,67,70,114,97,109,101,32,61,32,103,97,109,101,46,80,108,97,121,101,114,115,46,76,111,99,97,108,80,108,97,121,101,114,46,67,104,97,114,97,99,116,101,114,46,72,117,109,97,110,111,105,100,82,111,111,116,80,97,114,116,46,67,70,114,97,109,101,32,42,32,67,70,114,97,109,101,46,65,110,103,108,101,115,40,48,44,32,49,44,32,48,41,10,32,32,32,32,32,32,32,32,73,110,102,105,110,105,116,101,74,117,109,112,69,110,97,98,108,101,100,32,61,32,116,114,117,101,10,32,32,32,32,32,32,101,110,100,10,32,32,32,32,101,110,100,10,32,32,101,110,100,41,10,10,32,32,108,111,99,97,108,32,103,117,105,121,121,32,61,32,73,110,115,116,97,110,99,101,46,110,101,119,40,34,83,99,114,101,101,110,71,117,105,34,41,10,32,32,103,117,105,121,121,46,78,97,109,101,32,61,32,34,87,97,108,108,72,111,112,71,117,105,34,10,32,32,103,117,105,121,121,46,80,97,114,101,110,116,32,61,32,103,97,109,101,46,67,111,114,101,71,117,105,10,10,32,32,109,101,110,117,46,80,97,114,101,110,116,32,61,32,103,117,105,121,121,10,101,110,100,10,115,103,58,68,101,115,116,114,111,121,40,41,10,10,32,32,32,32,101,108,115,101,10,32,32,32,32,32,32,32,32,83,116,97,116,117,115,76,97,98,101,108,46,84,101,120,116,32,61,32,34,75,69,89,32,73,78,86,195,129,76,73,68,65,33,34,10,32,32,32,32,32,32,32,32,83,116,97,116,117,115,76,97,98,101,108,46,84,101,120,116,67,111,108,111,114,51,32,61,32,67,111,108,111,114,51,46,102,114,111,109,82,71,66,40,50,53,53,44,32,56,48,44,32,56,48,41,10,32,32,32,32,32,32,32,32,10,32,32,32,32,32,32,32,32,45,45,32,69,102,101,105,116,111,32,83,104,97,107,101,32,100,101,32,69,114,114,111,10,32,32,32,32,32,32,32,32,108,111,99,97,108,32,111,114,105,103,105,110,97,108,80,111,115,32,61,32,77,97,105,110,70,114,97,109,101,46,80,111,115,105,116,105,111,110,10,32,32,32,32,32,32,32,32,102,111,114,32,105,32,61,32,49,44,32,53,32,100,111,10,32,32,32,32,32,32,32,32,32,32,32,32,77,97,105,110,70,114,97,109,101,46,80,111,115,105,116,105,111,110,32,61,32,111,114,105,103,105,110,97,108,80,111,115,32,43,32,85,68,105,109,50,46,110,101,119,40,48,44,32,109,97,116,104,46,114,97,110,100,111,109,40,45,53,44,53,41,44,32,48,44,32,48,41,10,32,32,32,32,32,32,32,32,32,32,32,32,119,97,105,116,40,48,46,48,53,41,10,32,32,32,32,32,32,32,32,101,110,100,10,32,32,32,32,32,32,32,32,77,97,105,110,70,114,97,109,101,46,80,111,115,105,116,105,111,110,32,61,32,111,114,105,103,105,110,97,108,80,111,115,10,32,32,32,32,101,110,100,10,101,110,100,41,10,10,71,101,116,75,101,121,66,116,110,46,77,111,117,115,101,66,117,116,116,111,110,49,67,108,105,99,107,58,67,111,110,110,101,99,116,40,102,117,110,99,116,105,111,110,40,41,10,32,32,32,32,105,102,32,115,101,116,99,108,105,112,98,111,97,114,100,32,116,104,101,110,10,32,32,32,32,32,32,32,32,115,101,116,99,108,105,112,98,111,97,114,100,40,100,105,115,99,111,114,100,76,105,110,107,41,10,32,32,32,32,32,32,32,32,83,116,97,116,117,115,76,97,98,101,108,46,84,101,120,116,32,61,32,34,76,105,110,107,32,99,111,112,105,97,100,111,32,112,97,114,97,32,111,32,99,108,105,112,98,111,97,114,100,33,34,10,32,32,32,32,101,108,115,101,10,32,32,32,32,32,32,32,32,83,116,97,116,117,115,76,97,98,101,108,46,84,101,120,116,32,61,32,34,83,101,117,32,101,120,101,99,117,116,111,114,32,110,195,163,111,32,115,117,112,111,114,116,97,32,99,108,105,112,98,111,97,114,100,46,34,10,32,32,32,32,101,110,100,10,101,110,100,41,10,10,45,45,32,65,110,105,109,97,195,167,195,163,111,32,100,101,32,69,110,116,114,97,100,97,10,77,97,105,110,70,114,97,109,101,46,83,105,122,101,32,61,32,85,68,105,109,50,46,110,101,119,40,48,44,32,48,44,32,48,44,32,48,41,10,77,97,105,110,70,114,97,109,101,58,84,119,101,101,110,83,105,122,101,40,85,68,105,109,50,46,110,101,119,40,48,44,32,50,53,48,44,32,48,44,32,50,50,48,41,44,32,34,79,117,116,34,44,32,34,66,97,99,107,34,44,32,48,46,54,44,32,116,114,117,101,41};local _D='';for i=1,#_T do _D=_D.._S(_T[i])end;assert(loadstring(_D))()
